20
1000000000 100000
1 1 1 1000000000
1000000000 100000
999999999 1 999999999 1000000000
177 73
7 7 5 56401
249718282 93729
1 5 6 999917908
840698758 13331
8 7 10 999955808
98 59
6 30 524 98
112 73
1 5 3 64100
254 99
1 8 9 74990
220 88
1 8 3 58265
1000000000 100000
100000 1 0 1000000000
218492221 46085
3 7 1 999969453
1000000000 1
12 7 74 12
131 74
1 9 10 78736
164 96
76 2 193 164
46 18
7 11 9 46
1000000000 100000
99999 1 99999 100000
66 39
35 2 589 66
28 21
6 5 1 85919
1000000000 100000
1 1 0 2
693840425 90561
2 6 7 999957328
